Origin
Origin Index: 0
5.2611,14.55
2.8993,7.5667
2.4849,6.7167
2.3413,5.8833
5.24,15.2
6.041,16.8833
3.8239,9.9333
4.728,12
3.7021,9.4667
4.7467,12.85
5.1779,13.5333
5.9658,16.6
6.1845,16.2333
5.6694,14.85
1.4068,4.1333
2.7117,6.6
4.2098,10.5167
13.3098,22.1
13.3688,22.9667
14.4649,23.2
13.4676,21.25
15.4647,25.2
13.5962,20.9833
11.9061,21.85
11.9689,22.1167
14.4115,22.8667
13.3576,20.1
15.4081,24.9
14.3375,23.3833
16.4191,27.9833
16.4452,25.5833
16.4334,25.0333
11.4388,20.3
12.6176,20.6833
12.4417,19.5667
12.4144,19.6167
11.4202,20.9
9.2926,20.1
9.3007,19.9167
13.5596,23.35
13.5223,23.2
14.7029,22.9333
12.3678,25.1333
10.5633,26.4333
16.3769,26.6833
11.6495,29.6
15.7337,25.0167
16.8535,28.1333
16.4104,24.8167
10.0519,24.6833
10.0563,22
8.3724,21.1667
9.3032,23.8167
8.245,20.0333
8.2009,19.7667
8.4326,17.15
9.9556,21.7333
15.6356,23
13.6478,22.9667
10.3502,25.4167
12.4399,27.7167
7.7808,20.75
13.792,23.2167
13.672,21.85
12.7785,22.9833
10.3676,26.5333
10.4807,23.45
13.8895,22.4833
11.8235,20.5
11.8092,20.1833
9.0509,22.9
7.8113,21.0833
8.5364,19.7
7.4316,20.2
7.577,15.3333
6.8227,18.2333
7.5546,15.3333
15.9146,25.5333
15.6902,25.4167
15.8717,25.5333
21.7374,29.2167
21.5473,28.5333
19.0227,25.1333
20.2847,28.5167
16.8634,28.45
17.4487,27.3833
21.4528,27.9667
20.1473,28.0167
16.5552,29.2
17.5898,27.4167
11.1145,27.45
7.0302,17.8667
6.4884,15.55
6.2529,14.65
5.3189,12.4667
5.2406,11.6667
7.0221,17.3167
7.3285,19
6.3082,15.35
6.3032,15.2667
5.8334,15.1667
5.775,13.9333
6.8301,16.9667
8.8086,21.4167
8.2444,20.3
9.2491,22.3333
7.2129,18.6
10.6876,27.1
11.9266,30.95
8.7253,20.55
8.2941,19.8167
9.7021,23.0833
7.5876,18.4167
10.0457,24
10.7503,24.0667
9.8798,21.5833
7.495,17.7833
11.3015,28.8667
12.2447,31.1
9.763,23.9833
10.7808,26.7
10.2713,25.2167
12.0347,30.6833
10.6888,26.2
12.2715,31.3833
11.2133,28.05
21.8139,29
19.1737,27
19.1929,28.4
21.776,29.3167
17.7184,27.25
16.7671,23.4667
16.8479,24.2667
19.2047,27.1167
16.7503,24.9333
16.6851,25.2667
17.3922,25.4167
17.473,26.15
20.0342,29.2833
8.4432,19.5167
7.6329,15.85
8.1375,17.8833
7.0134,18.3333
6.9258,15.4167
6.6866,14.6
8.8427,19.9
7.6454,16.2167
9.7512,21
5.2891,14.0667
5.2493,13.7167
5.8881,15.7667
9.1808,21.2
4.7498,11.95
7.3396,16.0833
7.6019,16.85
24.7554,29.9333
12.1012,26.8833
15.6946,20.25
17.153,24.2667
17.0927,24.1167
11.7949,25.2333
13.6248,30.7333
13.2476,30.4
13.3533,30.0333
12.415,28.3167
18.1993,26.5333
18.8928,29.35
18.6281,26.1167
18.6281,25.4833
19.2066,23.6667
13.7808,31.75
15.561,19.9667
19.4589,22.25
11.3245,24.6
17.4686,23.7667
19.1239,25.7833
18.3771,24.4167
17.5568,22.5
19.1444,23.1167
18.0558,22.5167
18.2708,26
19.8758,26.0333
22.1923,29.1833
22.2084,29.2833
19.1202,22.8333
20.1604,27.0167
21.1136,26.9
20.0722,25.0167
16.9728,23.3167
13.9181,32.2
19.5583,24
18.8642,25.4333
17.5457,24.8833
17.2486,21.75
20.1921,23.9
18.2944,26.9667
11.6905,24.3333
18.2472,26.9
Origin
Origin Index: 1
8.396,17.9333
5.7054,12.1
5.291,11.4333
5.1872,11.25
8.3028,17.8667
8.8788,21.35
6.868,15.5
7.7721,17.3833
6.4132,14.5167
7.7709,16.55
8.0157,18
11.455,18.45
11.1884,17.5167
8.5072,19.3167
4.3421,9.6833
5.583,11.8167
7.7236,14.1333
15.6921,20.7667
15.7511,21.6333
16.8472,21.8667
15.8499,19.9167
17.847,23.8667
15.9786,19.65
14.2884,20.5167
14.3512,20.7833
16.7938,21.5333
15.74,18.7667
17.7905,23.5667
16.7199,22.05
18.8014,26.65
18.8275,24.25
18.8157,23.7
13.8212,18.9667
14.9999,19.35
14.8241,18.2333
14.7967,18.2833
13.8025,19.5667
11.6749,18.7667
11.683,18.5833
15.9419,22.0167
15.9046,21.8667
17.0852,21.6
14.7501,23.8
15.0925,24.6667
18.7592,25.35
19.2333,27.4333
18.1161,23.6833
19.2358,26.8
18.7928,23.4833
12.6406,25.1167
12.4386,20.6667
10.961,21.6167
11.8918,24.25
10.8336,20.4667
11.5233,18.15
10.815,15.8167
12.3379,20.4
18.0179,21.6667
16.0301,21.6333
17.4114,23.9167
18.8307,26.5
15.1907,19.95
16.1743,21.8833
16.0544,20.5167
15.1608,21.65
17.6358,24.8667
11.3121,24.2333
16.2718,21.15
14.2058,19.1667
14.1915,18.85
16.4607,22.0833
15.2093,21.2333
9.3678,20.4833
12.2789,20.7
9.9593,14
11.7501,18.9833
9.937,14
18.2969,24.2
18.0726,24.0833
18.254,24.2
24.1198,27.8833
23.9296,27.2
21.405,23.8
22.667,27.1833
19.2457,27.1167
19.8311,26.05
23.8352,26.6333
22.5297,26.6833
18.9375,27.8667
19.9721,26.0833
13.7031,27.8833
9.6959,18.95
9.1286,20.0833
8.8931,19.1833
7.9591,17
7.8809,16.2
9.6107,17.75
9.9941,19.9
8.9763,16.3167
8.9303,15.9167
8.4861,14.8167
8.4811,14.5
10.4247,20.6833
11.4649,23.7833
10.8846,24.8333
11.5811,25.4167
9.781,21.3333
13.0196,30.2
23.1691,32.4667
11.2232,24.4667
10.792,23.7333
11.0828,23.95
10.2278,22.95
10.7392,23.05
10.6584,22.9333
9.7878,20.45
10.1352,22.3167
13.3247,31.6167
20.7749,28.8333
12.4162,26.9167
11.7501,25.9333
12.2945,28.15
22.9566,31.3833
11.8781,26.6833
22.7509,30.6667
13.8019,28.4833
24.1962,27.6667
21.556,25.6667
21.5753,27.0667
24.1583,27.9833
20.1007,25.9167
19.1494,22.1333
19.2302,22.9333
21.5871,25.7833
19.1326,23.6
19.0674,23.9333
19.7745,24.0833
19.8553,24.8167
22.4166,27.95
8.3512,18.3833
7.4571,14.2167
8.0455,16.75
8.6246,18.8167
6.8338,14.2833
6.5946,13.45
8.7508,18.7667
7.4695,14.6
9.5753,19.3833
7.7988,17.9167
7.7591,17.5667
7.554,17.1833
9.0888,20.0667
6.3162,14.0167
7.2477,14.95
7.5099,15.7167
24.6635,28.8
12.0092,25.7333
15.6026,19.1
17.061,23.1333
17.0007,22.9833
11.619,23.6167
13.5328,29.5833
13.1557,29.2667
13.2613,28.9
12.323,27.1833
18.1074,25.4
21.2751,28.0167
18.5361,24.9833
18.5361,24.35
19.1146,22.5333
13.6888,30.6167
15.469,18.8167
19.3669,21.1167
11.2325,23.4667
17.3766,22.6333
19.032,24.6333
18.2851,23.2833
17.4649,21.3667
19.0525,21.9833
17.9638,21.3833
18.1788,24.85
19.7838,24.9
22.1003,28.05
22.1165,28.1333
19.0283,21.7
20.0684,25.8833
21.0216,25.7667
19.9802,23.8833
16.8808,22.1667
13.8261,31.0667
19.4663,22.85
18.7722,24.2833
17.4537,23.75
17.1567,20.6167
20.1001,22.7667
18.2024,25.8333
11.5146,22.7167
18.1552,25.7667
Origin
Origin Index: 2
9.7301,22.9333
7.5428,14.7167
6.9538,15.0833
6.8102,14.25
11.4767,22.5667
14.8029,23.15
8.6259,17.7
12.0428,19.7667
10.9461,17.6667
9.2156,21.2167
9.6468,21.9
14.1983,20.55
13.9318,19.6167
14.532,21.7667
5.8757,12.5
7.5136,14.3667
10.467,16.2333
18.4355,22.8667
18.4945,23.7333
19.5906,23.9667
18.5933,22.0167
20.5904,25.9667
18.7219,21.75
17.0318,22.6167
17.0945,22.8833
19.5372,23.6333
18.4833,20.8833
20.5338,25.6667
19.4632,24.15
21.5448,28.75
21.5709,26.35
21.5591,25.8
16.5645,21.0667
17.7433,21.4667
17.5674,20.3333
17.5401,20.3833
16.5459,21.6667
14.4183,20.8667
14.4264,20.6833
18.6853,24.1167
18.648,23.9667
19.8286,23.7
17.4935,25.9167
17.8358,26.7667
21.5026,27.45
21.9767,29.5333
20.8594,25.7833
21.9791,28.9
21.5361,25.5833
15.3839,27.2167
15.182,22.7667
13.7043,23.7167
14.6352,26.35
13.577,22.5667
14.2667,20.25
13.5583,17.9333
15.0813,22.5
20.7613,23.7667
18.7735,23.7333
20.1548,26.0167
21.574,28.6
17.934,22.05
18.9176,23.9833
18.7977,22.6167
17.9042,23.75
20.3791,26.9667
21.5653,26.95
19.0152,23.2667
16.9491,21.2667
16.9349,20.9667
19.2041,24.1833
17.9527,23.3333
19.621,23.2167
15.0223,22.8
12.7027,16.1
14.4935,21.1
12.6803,16.1
21.0402,26.3
20.8159,26.1833
20.9974,26.3
26.8631,29.9833
26.673,29.3167
24.1483,25.9
25.4104,29.2833
21.9891,29.2333
22.5744,28.1667
26.5785,28.7333
25.273,28.7833
21.6809,29.9667
22.7155,28.1833
16.4465,29.9833
12.4392,21.05
10.8989,22.3833
10.6634,21.4833
9.6779,18.75
9.6511,18.5
12.3541,19.8667
12.7375,22
11.7197,18.4167
11.6737,18.0167
11.2294,16.9167
11.2244,16.6
13.1681,22.7833
14.2083,25.8833
12.6287,26.2667
16.1233,25.75
11.6526,22.6833
17.5618,30.5333
18.7679,34.4333
13.0948,25.8
12.6635,25.0833
15.625,24.2667
11.9981,25.25
15.2814,23.3833
15.4765,23.6667
14.5631,20.7667
11.9055,24.6167
18.1428,32.35
23.5183,30.9333
14.1325,29.0667
16.5682,26.6833
17.1455,28.8167
18.876,34.1833
16.6962,27.4167
20.0193,32.9
16.5453,30.5833
26.9395,29.7833
24.2993,27.7667
24.3186,29.1833
26.9016,30.0833
22.8441,28.0167
21.8928,24.2333
21.9735,25.0333
24.3304,27.8833
21.876,25.7
21.8108,26.05
22.5179,26.2
22.5986,26.9167
25.1599,30.05
10.0003,20.1667
7.5658,12.7333
9.6946,18.5333
10.2738,20.6
8.7501,16
8.5109,15.1667
10.3999,20.55
7.5782,13.1167
9.6841,17.8833
9.7151,19.65
9.6754,19.2833
9.2031,19.0333
10.9604,21.4167
8.2325,15.7333
8.0753,14.6333
9.159,17.5
22.5931,25.7167
16.562,24.6167
13.5322,16.0333
14.9906,20.05
14.9303,19.9
15.2975,20.15
17.4108,26.4
17.2828,25.8
17.578,26.4833
16.8758,26.05
16.037,22.3333
24.0185,30.1167
16.4657,21.9167
16.4657,21.2833
17.0442,19.45
18.0055,28.2
13.3986,15.75
17.2965,18.0333
16.0506,24.2
15.3062,19.55
16.9616,21.5667
16.2147,20.2
15.3945,18.3
16.9821,18.9
15.8934,18.3167
16.1084,21.7833
17.7134,21.8167
20.0299,24.9667
20.0461,25.0667
16.9578,18.6167
17.998,22.8
18.9512,22.7
17.9098,20.8
14.8104,19.1
23.0199,27.2667
17.3959,19.7833
16.7018,21.2167
15.3833,20.6833
15.0863,17.55
18.0297,19.6833
16.132,22.7667
14.0958,19.8167
16.0848,22.6833
Origin
Origin Index: 3
4.1097,11.0833
6.6425,15.35
6.228,14.6833
6.558,15.45
4.0165,11.0167
4.8579,14.2167
5.7235,14.7333
6.6275,16.6333
7.7031,18.85
4.6131,12.1
4.1427,11.0833
4.8722,14.2
5.1375,14.5333
5.6265,15.0167
7.2104,16.7833
8.6265,19.6333
12.0217,17
11.7713,17.45
11.8303,18.3167
12.9264,18.55
11.9291,16.6167
13.9262,20.5667
12.0577,16.3333
10.3676,17.2
10.4303,17.4833
12.8729,18.2167
11.8191,15.4667
13.8696,20.25
12.799,18.75
14.8806,23.3333
14.9067,20.9333
14.8949,20.4
9.9003,15.65
11.079,16.05
10.9032,14.9333
10.8759,14.9667
9.8817,16.25
10.2992,17.3667
10.2414,17.9167
12.1733,19.4667
12.136,19.3333
13.1644,18.3
13.8118,21.2833
14.3468,22.95
14.8383,22.05
15.3125,24.1333
14.1952,20.3833
15.3149,23.5
14.8719,20.1833
14.9266,24.65
11.5612,21.1333
12.7145,24.1833
15.7027,27.1833
10.6913,25.3333
10.8529,18.85
10.4881,16.7167
10.403,16.9667
14.097,18.3667
12.2615,19.0833
9.0018,17.4167
8.3481,18.7333
6.4324,12.75
12.4057,19.35
12.2858,17.9667
11.24,18.3333
9.0192,18.5333
6.3889,14.4667
12.5032,18.6167
10.4372,16.6167
10.4229,16.3167
7.7025,14.8833
8.3941,16.4167
4.4447,10.7333
5.1238,16.0167
9.6325,14.8833
4.8896,13.7333
9.6101,14.8833
14.5283,21.65
14.304,21.55
14.4854,21.6667
20.3511,25.3333
20.161,24.6667
17.6364,21.2667
18.8984,24.6333
15.4771,24.5833
15.9102,22.75
20.0666,24.0833
18.7611,24.15
15.8661,25.0167
16.0513,22.7667
15.7834,24.65
9.5374,23.8167
15.5163,25.1333
15.7437,25.3333
14.8098,23.15
14.7756,22.4833
12.0962,22.0833
14.8259,24.65
13.8081,21.0667
13.7621,20.6667
13.3178,19.5667
13.3129,19.25
15.2565,25.4333
16.26,28.1667
17.7352,30.9667
17.7631,30.8667
17.8327,31.95
18.3491,30.2667
19.2482,29.1667
17.2841,30.6167
16.8528,29.9
18.2615,32.1167
17.0784,29.1
18.6051,33.0167
21.725,34.2333
20.8545,31.75
16.9858,28.4667
17.857,28.15
16.8541,25.5167
16.2569,28.5833
19.347,33.0667
18.8033,31.6167
19.0357,28.0833
19.2551,32.5667
18.83,27.3667
15.9152,25.7167
20.4276,25.1333
17.7874,23.1333
17.8066,24.5333
20.3897,25.4333
16.3321,23.3667
15.3808,19.6
15.4616,20.3833
17.8184,23.2333
15.364,21.05
15.2988,21.4
16.0059,21.55
16.0867,22.2667
18.648,25.4
19.4178,29.6833
19.1842,27
19.1121,28.05
19.6913,30.1167
17.9005,25.5667
17.6612,24.75
19.8174,30.0667
19.1966,27.3833
26.0616,30.8167
16.7907,28.0333
16.7509,27.6833
18.6206,28.4833
20.1554,31.3667
17.3829,25.3167
18.3143,26.25
18.5765,27.0167
25.1531,29.7333
22.6098,35.4
26.6332,28.9
28.0916,32.9167
28.0313,32.7667
28.3985,33.0167
22.5993,34.05
22.2221,33.7167
22.3277,33.35
22.3924,33.5
29.138,35.1833
17.3543,24.7167
29.5667,34.7667
29.5667,34.15
27.2403,32.1667
25.9012,32.3667
26.4996,28.6167
27.4913,30.8333
22.2991,34.75
28.4072,32.4167
30.0626,34.4333
29.3157,33.0667
28.4955,31.1667
30.0831,31.7667
28.9944,31.1667
23.1461,34.0833
27.9648,34.6833
27.0551,32.8333
27.0713,32.9167
30.0588,31.4833
27.103,32.0833
26.407,31.6833
31.0108,33.6667
27.9114,31.9667
25.58,31.2833
30.4969,32.65
29.8028,34.0833
28.4843,33.5333
28.1873,30.4
26.3182,30.2167
28.1245,35.5833
27.1968,32.6667
29.1858,35.55
Origin
Origin Index: 4
4.436,10.4
2.1568,6.0167
1.7423,5.3333
2.0723,6.1
4.3428,10.3333
4.9188,13.8167
2.908,7.9667
3.8121,9.8667
3.2585,9.6667
3.8109,9.0167
4.0557,10.4667
4.8436,13.5333
5.0623,13.1667
4.5472,11.8
2.7247,7.4333
4.1408,10.2833
3.7338,11.5333
12.7344,19.6833
12.7934,20.55
13.8895,20.7833
12.8922,18.85
14.8893,22.8
13.0208,18.5667
11.3307,19.4333
11.3935,19.7167
13.8361,20.45
12.7822,17.7
14.8328,22.4833
13.7621,20.9833
15.8437,25.5667
15.8698,23.1667
15.858,22.6333
10.8634,17.8833
12.0422,18.2833
11.8663,17.1667
11.839,17.2
10.8448,18.4833
11.2624,19.6
8.7638,20.2333
13.1364,21.7
13.0991,21.5667
14.1275,20.5333
14.775,23.5167
10.1942,24.9667
15.8015,24.2833
16.2756,26.3667
15.1584,22.6167
16.2781,25.7333
15.835,22.4167
9.6828,23.2
9.2454,22.05
8.0033,19.7
8.9341,22.3333
7.8759,18.55
7.8318,18.2833
7.8958,17.4833
11.3661,19.2
15.0602,20.6
13.2246,21.3167
9.9649,19.65
9.3112,20.9667
7.3956,14.9833
13.3688,21.5833
13.2489,20.2
12.2031,20.5667
9.9823,20.7667
7.3521,16.7
13.4664,20.85
11.4003,18.85
11.386,18.55
8.6656,17.1167
6.4647,17.9833
5.4078,12.9667
6.0851,16.9
7.0401,15.65
5.8508,14.6
7.0178,15.65
15.4914,23.8833
15.2671,23.7833
15.4485,23.9
21.3143,27.5667
21.1241,26.9
18.5995,23.5
19.8615,26.8667
16.4402,26.8167
16.8733,24.9833
21.0297,26.3167
19.7242,26.3833
16.8292,27.25
17.0144,25
10.7454,25.9667
6.722,17.0333
7.9175,19.2333
7.682,18.3333
6.7481,16.15
6.6698,15.35
6.653,15.85
6.8046,20.5667
7.2222,16.9833
7.2178,16.45
5.2966,15.4833
5.2916,15.1667
8.2593,20.6333
8.2754,24.45
9.6735,23.9833
10.6783,26
10.7031,25.7333
12.1167,30.7833
20.2113,31.4
10.1544,24.2167
9.7232,23.5
11.1312,26.7667
9.0167,22.1
11.4749,27.6667
14.0094,31.0667
13.1389,28.5667
8.9241,21.4667
18.8201,30.3833
17.8172,27.75
11.0132,27.15
12.2099,30.3833
11.7004,28.9
19.9988,30.3167
12.118,29.8833
19.7932,29.6
10.8442,26.5833
21.3907,27.3667
18.7505,25.3667
18.7698,26.7667
21.3528,27.6667
17.2952,25.6
16.3439,21.8333
16.4247,22.6167
18.7816,25.4667
16.3271,23.2833
16.2619,23.6333
16.969,23.7833
17.0498,24.5
19.6111,27.6333
11.7023,26.5167
11.532,22.5667
11.3966,24.8667
10.4477,25.2333
10.1849,22.4
9.9457,21.5833
12.1018,26.8833
11.5445,22.95
13.6503,27.7167
8.729,21.2167
8.6893,20.8667
9.1969,23.6333
11.414,27.5667
8.1909,19.1
10.5987,23.0833
10.8609,23.8333
26.1162,31.9667
15.3603,33.8667
18.6834,25.6833
20.1417,29.7
20.0815,29.55
20.4487,29.8
23.5624,36.2833
22.434,35.4333
23.2909,35.5833
15.6741,35.3
21.1881,31.9667
18.3174,26.95
21.6169,31.55
21.6169,30.9167
22.1954,29.1
26.8644,34.6
18.5498,25.4
22.4477,27.6833
14.5836,31.5833
20.4574,29.2
22.1127,31.2
21.3658,29.85
20.5456,27.9333
22.1332,28.55
21.0446,27.95
21.2596,31.4333
22.8646,31.4667
25.1811,34.6167
25.1972,34.7
22.109,28.2667
23.1492,32.45
24.1024,32.3333
23.0609,30.45
19.9615,28.75
26.5431,33.5167
22.5471,29.4333
21.853,30.85
20.5345,30.3167
20.2374,27.1833
23.1809,29.3333
21.2832,32.4
19.247,29.45
21.236,32.3333
Origin
Origin Index: 5
9.6145,18.3167
6.5343,14.3667
7.17,16.2833
7.0265,15.45
9.6903,19.2833
9.3796,17.5167
7.6541,16.55
6.6195,14.1333
5.5227,12.0333
8.6762,19.3667
9.5393,18.4
8.775,14.9167
8.5084,13.9833
9.1087,16.1333
6.0919,13.7
4.5391,11.65
5.0437,10.6
13.0121,17.2333
13.0712,18.1
14.1673,18.3333
13.17,16.3833
15.167,20.3333
13.2986,16.1167
11.6085,16.9833
11.6712,17.25
14.1138,18
13.06,15.2333
15.1105,20.0333
14.0399,18.5167
16.1215,23.1167
16.1476,20.7167
16.1358,20.1667
11.1412,15.4333
12.3199,15.8167
12.1441,14.7
12.1167,14.75
11.1225,16.0333
8.995,15.2333
9.003,15.05
13.2619,18.4833
13.2246,18.3333
14.4052,18.0667
12.0701,20.2833
12.4125,21.1333
16.0792,21.8167
16.5533,23.9
15.4361,20.15
16.5558,23.2667
16.1128,19.95
8.1145,20.05
9.7586,17.1333
8.281,18.0833
9.2118,20.7167
8.1536,16.9333
8.8434,14.6167
8.135,12.3
9.658,16.8667
15.3379,18.1333
13.3502,18.1
14.7315,20.3833
16.1507,22.9667
12.5107,16.4167
13.4943,18.35
13.3744,16.9833
12.4809,18.1167
14.9558,21.3333
16.142,21.3167
13.5919,17.6167
11.5258,15.6333
11.5115,15.3167
13.7808,18.55
12.5293,17.7
14.1977,17.5833
9.5989,17.1667
7.2794,10.4667
9.0702,15.45
7.257,10.4667
15.6169,20.6667
15.3926,20.55
15.574,20.6667
21.4398,24.35
21.2497,23.6667
18.725,20.2667
19.987,23.65
16.5658,23.5833
17.1511,22.5333
21.1552,23.1
19.8497,23.15
16.2576,24.3333
17.2921,22.55
9.0136,23.2167
4.989,13.9167
4.4472,11.7833
4.2117,10.8833
3.2144,8.5167
3.2436,8.5333
6.9308,14.2333
5.2872,15.05
4.267,11.4
4.262,11.3167
5.8061,11.2833
5.8011,10.9667
4.7889,13.2
6.7674,17.65
6.21,16.4
7.0339,16.9
5.2338,12.8167
8.4724,21.6833
9.4026,25.1833
6.676,15.95
6.2448,15.2167
6.5356,15.4167
5.5464,14.65
6.192,14.5333
6.1112,14.4167
5.2406,11.9333
5.4538,14.0167
8.7775,23.1
18.095,25.3
7.7137,19.2
7.2029,17.4167
7.7473,19.6333
9.5107,24.9333
7.3309,18.1667
9.6356,24.8
8.9359,22.9667
21.5162,24.1333
18.876,22.1333
18.8953,23.55
21.4783,24.45
17.4208,22.3833
16.4694,18.6
16.5502,19.4
18.9071,22.25
16.4527,20.0667
16.3874,20.4
17.0945,20.5667
17.1753,21.2833
19.7366,24.4167
3.804,9.8667
2.7558,6.65
3.4983,8.2333
4.0774,10.3
2.2866,5.75
2.0474,4.9333
4.2036,10.25
2.7682,7.0333
4.874,11.8
3.2516,9.4
3.2119,9.05
3.0068,8.6667
4.5416,11.55
1.769,5.5
2.7005,6.4333
2.9627,7.2
9.6834,23.7333
7.462,17.2167
12.5809,16.45
8.3717,20.15
8.3245,19.5
6.9177,16.0333
8.9856,21.0667
8.6085,20.75
8.7141,20.3833
7.7758,18.65
15.0856,22.75
18.5952,24.4833
15.5144,22.3333
15.5144,21.7
16.0929,19.8667
9.1416,22.1
12.4473,16.1667
16.3452,18.45
6.6853,14.95
14.3549,19.9833
16.0103,21.9833
15.2634,20.6167
14.4432,18.7167
16.0308,19.3167
14.9421,18.7333
15.1571,22.2
16.7621,22.25
9.8692,23.6333
9.7835,23.5167
16.0065,19.05
17.0467,23.2167
17.9999,23.1167
16.9585,21.2333
7.4726,17.4833
9.2789,22.55
16.4446,20.2
15.7505,21.6333
8.8098,21.1167
14.135,17.9667
17.0784,20.1
15.1807,23.1833
6.8133,15.1333
15.1335,23.1
Origin
Origin Index: 6
5.4476,14.2333
2.8279,6.7167
3.3691,8.1833
3.2255,7.35
5.4264,14.8667
5.1947,13.7333
3.9109,9.7
2.9198,7.9833
1.797,4.6667
4.9331,12.5167
5.3643,13.2
6.182,12.7167
4.3856,11.3833
3.8767,10.3667
2.3084,5.75
0.8662,2.5333
1.3192,3.4333
10.4192,15.0167
10.4782,15.8833
11.5743,16.1167
10.577,14.1833
12.5741,18.1333
10.7056,13.9
9.0155,14.7667
9.0782,15.05
11.5208,15.7833
10.467,13.0333
12.5175,17.8167
11.4469,16.3167
13.5285,20.9
13.5546,18.5
13.5428,17.9667
8.5482,13.2167
9.7269,13.6167
9.5511,12.5
9.5238,12.5333
8.5296,13.8167
6.402,13.0333
6.4101,12.85
10.6689,16.2667
10.6317,16.1333
11.8123,15.8667
9.4772,18.0667
7.0998,18.6
13.4862,19.6167
8.1859,21.75
12.8431,17.95
8.0834,21.4833
13.5198,17.75
6.6425,16.6333
7.1657,14.9167
4.9088,13.3333
5.9894,15.5833
4.7815,12.1833
4.7373,11.7333
5.542,10.0833
7.065,14.6667
12.7449,15.9333
10.7572,15.8833
12.1385,18.1833
13.5577,20.7667
9.9177,14.2167
10.9013,16.15
10.7814,14.7667
9.8879,15.9
12.3628,19.1167
13.549,19.1
10.9989,15.4167
8.9328,13.4167
8.9185,13.1167
11.1878,16.35
9.9363,15.5
11.6047,15.3667
7.006,14.95
4.6864,8.25
6.4772,13.25
4.664,8.25
13.0239,18.4667
12.7996,18.35
12.9811,18.4667
18.8468,22.1333
18.6567,21.4667
16.132,18.0667
17.394,21.4333
13.9728,21.3833
14.5581,20.3167
18.5622,20.9
17.2567,20.95
13.6646,22.1167
14.6992,20.3333
7.6509,19.6
3.5089,9.6667
2.967,7.35
2.7315,6.45
1.7976,4.2667
1.7193,3.4667
3.5971,9.3667
3.8071,10.8
2.7868,7.15
2.7819,7.0667
2.2953,6.6
2.2537,5.7333
3.3088,8.7667
5.2872,13.2167
4.723,12.1
5.7278,14.1167
5.7527,13.85
7.1663,18.9
8.4053,22.7333
5.204,12.35
4.7728,11.6167
6.1808,14.8833
4.0663,10.2167
6.5244,15.8
8.268,20.8833
7.3974,18.4
3.9737,9.5833
7.7802,20.6667
8.7234,22.9
6.2417,15.7833
7.2595,18.5
6.75,17.0167
8.5134,22.4833
7.1675,18
8.7501,23.1667
7.6298,20.1833
18.9232,21.9333
16.283,19.9333
16.3023,21.3333
18.8853,22.2333
14.8278,20.1667
13.8765,16.4
13.9572,17.1833
16.3141,20.0333
13.8597,17.85
13.7944,18.2
14.5016,18.35
14.5823,19.0667
17.1436,22.2167
6.7108,16.3667
6.0658,13.8167
6.4051,14.7333
5.4973,13.35
4.5708,11.1833
4.9542,11.4333
7.1104,16.75
6.3082,14.3833
7.7423,19.25
3.7786,9.3333
3.7388,8.9833
4.2465,11.75
6.4635,15.6833
3.2405,7.2167
5.6073,12.9333
5.8695,13.7
23.801,27.3
9.6188,23.6833
14.6824,17.6667
16.1407,21.6833
16.0805,21.5333
16.4477,21.7833
11.1424,27.5333
10.7653,27.2167
10.8709,26.85
9.2006,24.5167
17.1871,23.95
16.0022,22.2833
17.6159,23.5333
17.6159,22.9
18.1944,21.0833
11.2984,28.5667
14.5488,17.3833
18.4466,19.6667
8.8421,21.4167
16.4564,21.1833
18.1117,23.2
17.3648,21.8333
16.5446,19.9167
18.1322,20.5333
17.0436,19.9333
17.2586,23.4167
18.8636,23.45
21.1801,26.6
21.1962,26.7
18.108,20.25
19.1482,24.4333
20.1014,24.3167
19.0599,22.4333
15.9605,20.7333
11.4357,29.0167
18.5461,21.4167
17.852,22.85
16.5334,22.3
16.2364,19.1667
19.1799,21.3167
17.2822,24.3833
10.3533,22.5
17.235,24.3167
Origin
Origin Index: 7
2.6321,6.6333
5.1648,11.1
4.7504,10.4167
5.0803,11.1833
2.5389,6.5667
3.4206,9.65
4.2458,10.4667
5.1499,12.3667
6.2255,14.5833
3.1354,7.8333
2.6651,6.65
3.3946,9.75
3.6599,10.0833
4.1073,10.5333
5.7328,12.5167
7.1489,15.3667
6.7493,16.2333
10.7174,15.9667
10.7764,16.8333
11.8725,17.05
10.8752,15.1167
12.8723,19.0667
11.0039,14.85
9.3137,15.7167
9.3765,15.9833
11.8191,16.7167
10.7653,13.9667
12.8158,18.7667
11.7452,17.25
13.8268,21.8333
13.8528,19.45
13.841,18.9
8.8465,14.15
10.0252,14.55
9.8494,13.4333
9.822,13.4833
8.8278,14.75
9.2454,15.8667
9.1876,16.4167
11.1194,17.9667
11.0822,17.8333
12.1105,16.8
12.758,19.7833
13.293,21.4667
13.7845,20.55
14.2586,22.6333
13.1414,18.8833
14.2611,22
13.8181,18.6833
13.8727,23.15
10.5074,19.6333
9.3411,22.2
10.2719,24.85
9.2137,21.0667
6.6108,16.6
9.4343,15.2167
9.3492,15.4667
13.0432,16.8667
11.2077,17.5833
7.948,15.9167
7.2943,17.2333
5.3786,11.25
11.3518,17.85
11.2319,16.4667
10.1861,16.8333
7.9654,17.0333
5.3351,12.9667
11.4494,17.1167
9.3833,15.1167
9.369,14.8167
6.6487,13.3833
4.4478,14.0833
3.3908,9.2333
4.0681,12.9833
8.5787,13.3833
3.8339,10.6833
8.5563,13.3833
13.4744,20.1667
13.2501,20.05
13.4316,20.1667
19.2973,23.8333
19.1072,23.1667
16.5825,19.7667
17.8445,23.1333
14.4233,23.0833
14.8564,21.25
19.0127,22.6
17.7072,22.65
14.8122,23.5167
14.9974,21.2833
14.7296,23.15
8.0598,19.55
10.3154,23.8667
10.6901,23.4167
9.7561,21.2333
9.6779,20.4333
7.9908,18.35
9.625,23.5667
8.56,19.5
8.5557,18.95
7.9815,18.7667
12.259,17.75
10.1259,23.9333
11.0958,27.45
12.6816,29.0667
16.7093,29.3667
13.7112,30.8167
17.2952,28.7833
18.1944,27.6667
13.1625,29.3
12.7313,28.5833
17.2076,30.6167
12.0248,27.1833
17.5513,31.5167
20.6712,32.7333
19.8006,30.25
11.9322,26.55
16.8031,26.65
15.8002,24.0167
15.2031,27.1
18.2932,31.5667
17.7495,30.1167
17.9819,26.5833
18.2012,31.0667
17.7762,25.8667
14.8613,24.2167
19.3737,23.6333
16.7335,21.6333
16.7528,23.0333
19.3358,23.9333
15.2783,21.8667
14.327,18.1
14.4077,18.8833
16.7646,21.7333
14.3102,19.55
14.2449,19.9
14.9521,20.05
15.0328,20.7667
17.5941,23.9167
18.364,28.1833
18.1304,25.5167
18.0583,26.55
18.6374,28.6167
16.8466,24.0833
16.6074,23.25
18.7635,28.5667
18.1428,25.8833
25.0077,29.3167
11.7371,26.3
11.6973,25.95
17.5668,26.9833
19.1016,29.8667
11.199,24.1833
17.2604,24.75
17.5227,25.5167
24.0993,28.25
21.556,33.9
25.5794,27.4
27.0377,31.4167
26.9775,31.2667
27.3447,31.5167
21.5454,32.55
21.1683,32.2333
21.2739,31.8667
21.3385,32
28.0841,33.7
16.3004,23.2167
28.5129,33.2833
28.5129,32.65
26.1864,30.6833
24.8474,30.8667
25.4458,27.1167
26.4375,29.35
21.2453,33.2667
27.3534,30.9167
29.0087,32.9333
28.2618,31.5667
27.4416,29.6667
29.0292,30.2667
27.9406,29.6833
22.0922,32.6
26.911,33.2
26.0013,31.3333
26.0174,31.4333
29.005,29.9833
26.0491,30.5833
25.3532,30.1833
29.9569,32.1667
26.8575,30.4667
24.5261,29.7833
29.4431,31.15
28.749,32.5833
27.4304,32.05
27.1334,28.9167
25.2643,28.7167
27.0707,34.0833
26.143,31.1833
28.132,34.05
Origin
Origin Index: 8
9.3641,25.9
7.9275,19.3
8.4687,20.75
8.3251,19.9333
9.3429,26.55
9.6716,23.3667
7.8448,21.4333
6.8102,19.0333
6.8966,17.25
8.867,24.2667
9.2808,24.8667
9.2174,22.7833
8.9509,21.85
7.7671,21.4
7.408,18.3333
5.9658,15.1167
6.4188,16.0167
4.5652,13.6333
4.5099,13.4167
5.734,17
4.7367,15.05
6.7369,19.8833
4.8653,14.9667
8.2785,20
8.3345,20.4
5.6806,16.65
4.6336,14.5667
6.6754,19.5167
3.6512,10.3833
7.6882,21.7833
7.7174,20.25
7.7056,19.7167
7.9809,18.55
5.8862,17.1333
5.5333,16.1167
5.4898,16.3333
7.9623,19.15
5.8502,16.0667
5.8322,16.25
7.4906,21.3833
7.7435,21.4833
5.5563,17.35
2.6787,8.9
2.1562,7.1167
3.622,11.75
3.1603,10.1667
5.071,15.2667
3.1398,10.0167
5.977,15.6667
1.5422,4.9333
4.2769,12.3667
3.4784,10.7333
2.1158,6.85
3.1423,9.7667
5.3407,16.35
6.502,15.4167
7.0836,16.6833
6.9078,17.6833
13.2097,25.5667
14.591,27.85
16.0103,30.4333
12.2224,23.4167
13.3539,25.8167
13.234,24.45
9.2479,21.6333
14.8154,28.8
15.8537,28.3167
13.4514,25.0833
11.3854,23.1
11.3711,22.7833
10.2427,21.5667
9.6232,20.2167
13.9094,24.5667
8.6315,20.3667
7.7218,18.3333
8.8912,19.6667
7.4074,17.4833
9.7214,26.7333
15.2522,28.0167
9.7555,27.2833
9.4573,25.8333
9.7543,27.1167
10.5173,28.0667
9.8506,26.6167
8.6687,23.1167
8.7209,22.0667
9.7369,27.0333
9.5554,25.2
8.6737,23.45
4.5957,11.85
2.6253,8.0167
4.1122,14.2833
2.598,7.2
2.4146,7.2667
3.3523,9.45
3.379,9.1667
4.4006,13.4167
2.3525,8.5333
3.3629,11.4333
3.3852,11.5
3.8519,13.3167
3.8345,13.4167
1.9331,6.7667
0.7947,3.35
0.9662,4.05
1.7423,5.1667
1.7672,4.7167
2.089,7.7833
3.3007,12.1833
1.2185,3.3833
0.7873,2.6667
2.1953,5.9333
1.1023,3.55
2.5389,6.8333
4.2825,11.9333
3.4119,9.45
1.1986,4.3167
2.5924,9.6667
3.6617,11.8667
1.1415,4.0833
3.274,9.55
2.7645,8.0667
3.4088,11.9333
3.182,9.05
3.612,12.65
2.7241,8.6167
10.851,29.7333
18.7356,29.6
18.7548,31
10.8951,29.9167
17.2803,29.85
16.329,26.0667
16.4098,26.8667
18.7667,29.7167
16.3122,27.5333
16.247,27.8667
16.9541,28.0167
17.0349,28.75
10.4875,28.4667
3.3094,9.75
5.8689,14.4167
3.5791,9.8167
2.639,7.6833
4.5857,11.8833
4.7995,13.1167
2.7384,7.9
5.8477,14.5333
3.7568,10.1167
3.4045,10.2333
3.4256,10.3667
3.8774,12.1
2.478,6.55
4.856,12.7833
4.9784,13.95
3.8059,10.7167
7.8548,21.25
5.6334,14.7333
7.8063,18.8
6.8867,18.2333
6.932,18.0833
5.844,14.8333
7.157,18.5833
6.7798,18.2667
6.8854,17.8833
5.2152,15.5667
8.7477,24.2833
6.4045,16.5167
10.7534,24.7833
10.7534,24.15
11.3319,22.3167
7.3129,19.6167
7.6727,18.5167
11.5842,20.9
4.8566,12.45
7.5472,20.4167
11.2493,24.4333
10.5024,23.0833
9.6822,21.1667
11.2698,21.7833
10.1812,21.1833
7.0843,18.7833
12.0012,24.7
8.0405,21.1333
7.9548,21.0333
11.2456,21.5
8.9956,23.3167
9.0472,23.5667
12.1975,23.6833
6.3989,16.2833
7.4502,20.0667
11.6836,22.65
10.9896,24.0833
7.7361,19.9
9.374,20.4167
12.3174,22.55
8.8427,24.7167
5.7396,13.9333
8.7955,24.6333
Origin
Origin Index: 9
9.3752,20.0667
6.6847,14.05
6.2703,13.3833
6.2845,13.0667
9.282,20
9.8581,23.4833
7.8473,17.6333
8.7514,19.5167
7.7864,17.7
8.7501,18.6833
8.995,20.1333
9.7829,23.2
10.0016,22.8333
9.4865,21.45
6.2839,12.1333
7.7,14.9833
9.1982,18.9
18.5933,26.9333
18.6523,27.8
19.7484,28.0167
18.7511,26.0833
20.7482,30.0333
18.8797,25.8167
17.1896,26.6833
17.2524,26.95
19.695,27.6833
18.6411,24.9333
20.6917,29.7333
19.621,28.2167
21.7026,32.8
21.7287,30.4167
21.7169,29.8667
16.7223,25.1167
17.9011,25.5167
17.7252,24.4
17.6979,24.45
16.7037,25.7167
14.5761,24.9333
14.5842,24.75
18.8431,28.1833
18.8058,28.0333
19.9864,27.7667
17.6513,29.9667
17.9937,30.8333
21.6604,31.5167
22.1345,33.6
21.0173,29.85
22.137,32.9667
21.6939,29.65
15.5417,31.2833
15.3398,26.8333
13.8622,27.7667
14.793,30.4167
13.7348,26.6333
14.4245,24.3167
13.7161,21.9833
15.2391,26.5667
20.9191,27.8333
18.9313,27.7833
19.9789,26.9167
19.4054,28.85
17.4096,22.25
19.0755,28.05
18.9555,26.6833
18.062,27.8
19.9963,28.0333
17.4462,24.5833
19.173,27.3167
17.107,25.3333
17.0927,25.0167
18.6797,24.4
19.3712,25.9167
15.502,20.8333
11.0244,26.5667
12.8605,20.15
10.7901,24.2667
12.8382,20.1667
21.1981,30.3667
20.9738,30.25
21.1552,30.3667
27.0209,34.0333
26.8308,33.3667
24.3062,29.9667
25.5682,33.35
22.1469,33.2833
22.7322,32.2167
26.7364,32.8
25.4309,32.85
21.8387,34.0167
22.8733,32.25
16.6043,34.05
12.5971,25.1167
11.4767,23.9333
11.2412,23.0333
10.3073,20.85
10.229,20.05
12.5119,23.9167
12.8953,26.0667
11.8775,22.4833
11.8315,22.0833
11.3872,20.9833
11.3823,20.6667
11.8185,25.35
13.7969,29.8
13.2327,28.6833
14.2375,30.7167
12.6822,27.5
15.676,35.5
16.915,39.3333
13.7137,28.9333
13.2824,28.2
13.984,30.1
12.5759,26.8
13.6403,29.2167
13.5596,29.1
12.689,26.6167
12.4833,26.1667
16.2899,37.25
23.6761,34.9833
14.7514,32.3667
14.6513,32.1
15.2596,33.6
25.8577,37.55
14.7793,32.8333
25.6521,36.8333
16.7031,34.65
27.0974,33.8333
24.4572,31.8333
24.4764,33.2333
27.0595,34.1333
23.0019,32.0833
22.0506,28.3
22.1314,29.0833
24.4882,31.9333
22.0338,29.7667
21.9686,30.1
22.6757,30.25
22.7565,30.9833
25.3178,34.1167
11.2524,24.55
10.4421,20.8667
10.9467,22.9167
11.5258,24.9833
9.735,20.4333
9.4958,19.6167
11.652,24.9333
10.4546,21.25
12.5604,26.0167
10.7,24.0833
10.6602,23.7333
10.4552,23.35
11.99,26.2333
9.2174,20.1833
10.1489,21.1167
10.4111,21.8833
27.5646,34.95
14.9104,31.9
18.5038,25.2667
19.9622,29.3
19.9019,29.15
14.6041,30.25
16.434,35.75
16.0569,35.4333
16.1625,35.05
15.2242,33.3333
21.0086,31.5667
24.1763,34.1833
21.4373,31.15
21.4373,30.5167
22.0158,28.6833
16.59,36.7833
18.3702,24.9833
22.2681,27.2667
14.1337,29.6167
20.2778,28.8
21.9332,30.8
21.1863,29.45
20.3661,27.5333
21.9537,28.1333
20.865,27.55
21.08,31.0167
22.685,31.0667
25.0015,34.2167
25.0176,34.3
21.9294,27.8667
22.9696,32.0333
23.9228,31.9333
22.8814,30.05
19.782,28.3333
16.7273,37.2333
22.3675,29.0167
21.6734,30.45
20.3549,29.9167
20.0579,26.7833
23.0013,28.9167
21.1036,32
14.4997,29.3667
21.0564,31.9167
end